-,-,-
-328, -1019, 191
-310, -998, 241
-316, -987, 145
-328, -981, 151
-324, -977, 217
-333, -962, 201
-348, -956, 176
-366, -952, 126
-370, -928, 169
-358, -932, 191
-363, -886, 157
-,-,-
-349, -730, 91
-311, -577, 108
-288, -386, 96
-288, -386, 96
-266, -210, -75
-192, -83, -327
-161, 21, -680
-105, -6, -779
102, -422, -255
262, -901, 241
414, -1345, 780
354, -1699, 964
354, -1699, 964
176, -1929, 934
90, -1998, 1023
103, -1998, 1170
88, -1998, 1388
50, -1998, 1345
146, -1998, 1295
274, -1850, 1144
292, -1422, 854
225, -887, 542
179, -270, 512
96, 155, 490
96, 155, 490
20, 387, 383
46, 377, 281
137, 183, 320
-,-,-
-351, -1055, 163
-311, -1039, 381
-293, -948, 450
-312, -916, 475
-356, -769, 424
-345, -612, 388
-345, -612, 388
-388, -364, 121
-432, -64, -183
-390, 193, -422
-366, 443, -983
-224, 494, -1618
343, 22, -1332
1006, -661, -395
1264, -1329, 379
1194, -1581, 780
1170, -1955, 1273
1227, -1998, 1956
1276, -1998, 1998
1143, -1998, 1998
1141, -1998, 1998
1093, -1855, 1998
881, -1119, 1672
-,-,-
-285, -362, 927
-332, -257, 578
-398, -119, 420
-380, -131, 254
-348, -151, 59
-303, -130, -244
-210, -232, -660
130, -477, -600
643, -873, -22
643, -873, -22
874, -904, 260
1043, -936, 203
1328, -1093, 684
1538, -1555, 1746
1475, -1438, 1991
1624, -1381, 1998
1942, -1617, 1998
1998, -923, 1998
1998, -31, 1998
-,-,-
1558, 706, 39
-,-,-
-349, -1071, 410
-374, -920, 265
-402, -814, 190
-384, -641, 268
-386, -517, 232
-370, -302, 129
-325, -117, -70
-289, 211, -567
-197, 491, -1110
107, 453, -1111
107, 453, -1111
545, 87, -708
965, -859, -133
974, -1714, -267
977, -1998, -118
1065, -1998, 573
1030, -1998, 368
1127, -1998, 434
1252, -1998, 897
1286, -1998, 601
-,-,-
-620, -416, 139
-624, -262, 258
-633, 1, 292
-600, 334, 211
-549, 493, -446
-331, 399, -871
30, 208, -759
30, 208, -759
437, -215, -752
815, -816, -543
1101, -1556, -1
1076, -1996, -4
990, -1998, -32
807, -1998, 49
680, -1998, 241
524, -1998, -68
478, -1998, -252
478, -1998, -252
469, -1998, -480
540, -1998, -197
699, -1998, 116
890, -1998, 423
1096, -1998, 806
-,-,-
-443, -822, 15
-405, -846, 33
-415, -866, -12
-404, -834, -9
-400, -810, 90
-356, -761, 114
-342, -715, 39
-342, -715, 39
-339, -576, -28
-272, -377, -53
-211, -91, -267
-144, 221, -662
-135, 595, -1081
-12, 751, -1124
223, 656, -837
417, 327, -531
505, -148, -307
505, -148, -307
437, -757, -227
522, -1727, 111
794, -1998, 981
827, -1998, 1126
964, -1998, 1279
-,-,-
-362, 95, 126
-169, 584, 27
-30, 751, -414
75, 702, -990
339, 588, -913
651, 109, -369
651, 109, -369
869, -632, 319
879, -1642, 705
643, -1998, 568
472, -1998, -129
303, -1998, -1056
118, -1998, -1259
-60, -1998, -1020
-96, -1998, -573
123, -1998, -481
515, -1998, 13
-,-,-
-296, 204, -175
-169, 298, -41
29, 426, 121
29, 426, 121
153, 452, -14
252, 465, -397
271, 392, -631
317, 178, -604
384, -282, -441
447, -927, -325
447, -927, -325
556, -1695, -428
465, -1998, -746
231, -1998, -754
62, -1998, -380
-44, -1998, -186
-102, -1998, -386
118, -1998, -227
-,-,-
-321, -25, -430
-197, 122, -232
-135, 356, -156
-79, 685, -225
-2, 907, -334
42, 1048, -540
182, 1022, -524
182, 1022, -524
335, 798, -466
417, 376, -433
443, -295, -400
513, -1401, -542
423, -1998, -975
344, -1998, -893
171, -1998, -792
111, -1998, -652
191, -1998, -622
310, -1998, -275
469, -1998, -52
-,-,-
-99, 1099, -572
20, 1226, -480
20, 1226, -480
89, 1176, -555
164, 1089, -707
185, 769, -690
190, 208, -594
181, -678, -650
66, -1741, -964
-32, -1998, -1194
-121, -1998, -987
-228, -1998, -1212
-141, -1998, -865
149, -1998, -401
502, -1998, 348
-,-,-
-53, 764, -805
-53, 764, -805
-68, 1223, -955
5, 1388, -810
61, 1273, -775
166, 1086, -767
243, 955, -768
256, 619, -855
256, 619, -855
173, 172, -997
-2, -406, -1380
-99, -1390, -1647
-57, -1998, -1465
71, -1998, -479
149, -1998, 113
120, -1998, 941
237, -1998, 1249
-,-,-
-236, -1065, -690
-183, -652, -815
-200, -368, -773
-201, -154, -752
-249, 2, -677
-257, 142, -560
-265, 252, -525
-248, 454, -488
-210, 760, -497
-170, 1062, -624
-170, 1062, -624
-88, 1234, -716
21, 1297, -654
146, 1276, -593
176, 832, -516
-133, 111, -699
-209, -1245, -1054
754, -1998, -1201
1717, -1998, 289
-,-,-
-86, -1998, -1096
-42, -1901, -1012
-58, -1227, -823
-143, -581, -919
-173, -137, -842
-190, 187, -783
-207, 445, -680
-189, 605, -489
-158, 804, -530
-158, 804, -530
-107, 1008, -550
-43, 1100, -486
84, 1087, -454
161, 1167, -807
244, 1080, -1040
346, 738, -964
326, -34, -1127
189, -1462, -1522
335, -1998, -1229
1086, -1998, -301
1593, -1998, -50
-,-,-
7, -644, -738
-70, 120, -948
-115, 591, -1066
-143, 1058, -1070
-141, 1411, -1059
-114, 1550, -1119
-10, 1469, -980
108, 1320, -788
239, 1068, -626
350, 644, -475
350, 644, -475
425, 85, -350
468, -592, -283
521, -1512, -321
726, -1998, -51
822, -1998, -129
860, -1998, -617
991, -1998, -929
1085, -1998, -358
-,-,-
-327, 645, -182
-282, 906, -293
-187, 1186, -420
-55, 1195, -408
105, 1070, -329
105, 1070, -329
242, 824, -376
362, 600, -489
453, 195, -570
464, -501, -684
438, -1511, -740
413, -1998, -794
379, -1998, -1077
407, -1998, -1192
368, -1998, -818
290, -1998, -398
325, -1998, -208
527, -1998, 346
684, -1935, 693
-,-,-
-274, 602, -463
-222, 723, -458
-187, 790, -536
-141, 818, -588
-68, 714, -589
27, 652, -491
108, 464, -540
108, 464, -540
201, 292, -645
290, 152, -678
286, -53, -829
274, -263, -1124
274, -520, -1148
297, -1230, -901
274, -1975, -905
371, -1998, -1096
513, -1998, -435
403, -1998, -65
342, -1998, -8
437, -1998, 294
437, -1998, 294
509, -1998, 651
623, -1973, 696
718, -1482, 548
-,-,-
-50, 732, -668
67, 603, -999
214, 349, -1192
325, 72, -1244
368, -500, -1010
376, -1546, -858
389, -1998, -713
533, -1998, -411
421, -1998, -634
323, -1998, -584
431, -1998, -392
613, -1998, 10
790, -1998, 619
790, -1998, 619
-,-,-
-192, 202, -362
-95, 510, -224
10, 734, -154
104, 687, -188
120, 716, -406
120, 716, -406
42, 709, -685
-71, 617, -877
-166, 534, -919
-121, 80, -989
41, -800, -1131
277, -1888, -1108
487, -1998, -966
645, -1998, -684
656, -1998, -778
754, -1998, 279
754, -1998, 279
714, -1998, 561
753, -1998, 744
841, -1948, 985
-,-,-
-241, 737, -532
-171, 959, -457
-171, 959, -457
-111, 1156, -598
11, 1155, -662
181, 956, -657
303, 724, -681
392, 482, -644
418, 221, -698
414, -147, -741
388, -814, -787
388, -814, -787
384, -1472, -839
488, -1984, -647
428, -1998, -267
227, -1998, -143
133, -1998, -238
182, -1998, -199
257, -1998, 332
391, -1998, 479
-,-,-
-320, 766, -416
-223, 833, -589
-223, 833, -589
-47, 779, -527
135, 683, -614
307, 467, -714
394, 225, -777
372, -61, -758
332, -401, -783
291, -1019, -994
199, -1817, -1249
236, -1998, -1162
267, -1998, -729
142, -1998, -287
182, -1998, -43
182, -1998, -43
523, -1998, 572
767, -1998, 1088
885, -1910, 1341
-,-,-
-295, 496, -377
-181, 599, -389
-77, 617, -377
44, 608, -486
98, 571, -484
98, 571, -484
128, 417, -374
131, 315, -325
81, 170, -397
12, -155, -473
-15, -719, -686
-2, -1516, -1236
-2, -1516, -1236
62, -1997, -1575
124, -1998, -1500
199, -1998, -1014
301, -1998, -752
486, -1998, -219
639, -1998, 382
714, -1998, 808
728, -1725, 880
-,-,-
-305, 429, -280
-203, 551, -140
-125, 597, -298
-9, 658, -293
76, 701, -414
136, 663, -539
203, 490, -579
203, 490, -579
230, 357, -665
189, 115, -804
129, -486, -787
95, -1208, -897
139, -1959, -951
38, -1998, -1096
24, -1998, -949
47, -1998, -1204
300, -1998, -843
517, -1998, -284
685, -1998, 110
801, -1650, 419
801, -1650, 419
867, -865, 672
901, -271, 808
-,-,-
-158, 643, -177
-108, 632, -183
-108, 632, -183
-42, 657, -181
23, 564, -310
72, 531, -436
92, 470, -585
84, 369, -800
84, 369, -800
65, 212, -940
25, -259, -1057
-42, -984, -1209
-44, -1885, -1429
34, -1998, -1779
246, -1998, -1794
523, -1998, -877
628, -1998, -386
719, -1998, -8
831, -1998, 391
876, -1920, 655
862, -1340, 843
-,-,-
-368, -56, -811
-399, 170, -548
-353, 188, -338
-332, 377, -266
-321, 545, -215
-246, 596, -151
-135, 585, -216
-52, 588, -430
45, 602, -432
45, 602, -432
165, 468, -499
200, 255, -824
166, -107, -975
122, -694, -1128
186, -1752, -1161
341, -1998, -1177
463, -1998, -1011
427, -1998, -792
411, -1998, -480
455, -1998, -96
559, -1998, 319
660, -1826, 503
700, -1253, 700
716, -684, 782
716, -684, 782
658, -237, 722
586, -69, 651
-,-,-
-172, 532, -325
-91, 502, -332
-19, 477, -288
52, 416, -294
105, 295, -580
90, 56, -1096
43, -505, -1534
43, -505, -1534
91, -1432, -1739
299, -1998, -1822
437, -1998, -1655
495, -1998, -1036
509, -1998, -296
566, -1998, 513
624, -1998, 1000
678, -1951, 1230
714, -1492, 1263
761, -883, 1131
733, -374, 1108
-,-,-
-168, 44, -561
-181, 371, -391
-181, 371, -391
-169, 604, -445
-125, 733, -530
-60, 773, -617
30, 767, -493
112, 667, -529
170, 509, -620
141, 303, -722
141, 303, -722
60, 3, -913
-28, -539, -1234
-41, -1398, -1396
74, -1998, -1087
225, -1998, -805
368, -1998, -258
443, -1998, 37
534, -1998, 516
621, -1998, 852
686, -1968, 1118
742, -1371, 1179
747, -627, 1081
747, -627, 1081
-,-,-
-264, -71, -553
-246, 144, -494
-246, 144, -494
-219, 318, -424
-186, 453, -335
-136, 521, -332
-75, 511, -332
-13, 524, -351
28, 496, -337
19, 392, -389
19, 392, -389
-54, 248, -636
-140, -149, -895
-269, -865, -1099
-345, -1811, -1040
-153, -1998, -848
150, -1998, -455
393, -1998, -231
536, -1998, 18
629, -1998, 258
683, -1998, 493
725, -1625, 709
758, -922, 689
750, -356, 661
-,-,-
-10, -1013, -692
-66, -386, -777
-122, 22, -695
-171, 455, -644
-228, 671, -705
-216, 831, -617
-192, 914, -541
-192, 914, -541
-164, 884, -477
-109, 739, -351
-66, 541, -335
-35, 422, -398
-29, 318, -591
-89, 169, -889
-211, -188, -1178
-323, -837, -1522
-260, -1779, -1981
50, -1998, -1997
499, -1998, -1907
831, -1998, -974
1003, -1998, -51
1026, -1998, 203
-,-,-
-16, -1877, -885
-3, -1303, -872
-3, -1303, -872
-31, -681, -886
-73, -267, -871
-106, 35, -807
-146, 272, -715
-174, 390, -663
-156, 587, -543
-126, 640, -456
-87, 601, -332
-73, 553, -274
-73, 553, -274
-56, 521, -277
-49, 452, -326
-50, 321, -414
-57, 149, -689
-76, -249, -968
-144, -969, -1286
-43, -1917, -1207
337, -1998, -929
615, -1998, -884
797, -1998, -410
952, -1998, 24
952, -1998, 344
1034, -1998, 344
-,-,-
-5, 808, -264
43, 818, -279
5, 690, -340
5, 690, -340
-80, 614, -533
-86, 297, -835
-71, -590, -1321
133, -1765, -1564
589, -1998, -1577
920, -1998, -883
915, -1998, -509
877, -1998, 309
791, -1998, 774
787, -1994, 1268
767, -1561, 1097
780, -872, 788
780, -872, 788
780, -403, 619
679, 25, 375
544, 340, 282
495, 566, 377
476, 750, 478
-,-,-
-271, 465, -540
-207, 461, -469
-195, 432, -577
-201, 433, -823
-174, 278, -895
-137, 2, -1091
-45, -324, -1176
81, -932, -962
215, -1861, -772
491, -1998, -687
1012, -1998, -180
1247, -1998, 307
1247, -1998, 307
1283, -1998, 700
1201, -1998, 1072
1091, -1950, 1128
979, -1395, 962
883, -839, 836
-,-,-
-121, 58, -417
-152, 279, -376
-154, 610, -364
-121, 790, -325
-115, 785, -489
-72, 731, -552
-46, 573, -573
-46, 573, -573
-48, 459, -592
-52, 218, -577
-69, -362, -717
-5, -1183, -812
101, -1975, -631
263, -1998, -227
483, -1998, -190
644, -1998, -51
762, -1998, 422
781, -1998, 676
799, -1995, 831
-,-,-
-244, -131, -676
-187, -447, -797
-189, -917, -728
-111, -1555, -873
163, -1977, -996
432, -1998, -852
511, -1998, -828
626, -1998, -801
704, -1998, -528
779, -1998, 137
-,-,-
-448, -385, -82
-448, -385, -82
-408, -419, -50
-381, -389, -123
-350, -292, -131
-271, -181, -268
-140, -81, -526
-55, -134, -859
-61, -364, -1249
-6, -865, -1302
-14, -1492, -1404
9, -1988, -1399
176, -1998, -1221
454, -1998, -952
693, -1998, -535
802, -1998, 331
787, -1998, 868
-,-,-
-450, -203, -308
-422, -196, -238
-386, -217, -152
-314, -205, -132
-232, -144, -244
-163, 58, -148
-115, 212, -173
-70, 188, -314
-37, 103, -335
-3, -192, -273
67, -740, -174
67, -740, -174
104, -1454, -308
98, -1986, -640
123, -1998, -823
191, -1998, -1177
326, -1998, -1092
412, -1998, -540
435, -1998, -36
-,-,-
-367, -244, -406
-315, -67, -349
-315, -67, -349
-274, 215, -539
-206, 460, -582
-141, 598, -646
-52, 530, -683
37, 432, -526
91, 172, -361
117, -198, -279
92, -198, -410
92, -700, -410
68, -1407, -463
83, -1987, -576
93, -1998, -748
62, -1998, -981
107, -1998, -1032
173, -1998, -702
243, -1998, -232
393, -1998, 334
599, -1862, 565
763, -1236, 690
-,-,-
-372, -155, -430
-370, 128, -518
-315, 297, -478
-227, 483, -499
-227, 483, -499
-96, 492, -647
-31, 408, -656
-3, 191, -833
51, -179, -871
121, -715, -770
146, -1463, -707
122, -1976, -738
95, -1998, -491
0, -1998, -69
0, -1998, -69
-66, -1998, 3
69, -1998, 215
309, -1998, 333
459, -1998, 654
-,-,-
-315, -330, -360
-223, -160, -406
-162, 1, -340
-81, 55, -452
-81, 55, -452
-21, 37, -502
12, -76, -524
13, -321, -585
7, -643, -513
-48, -1027, -368
-70, -1602, -323
-45, -1983, -343
-45, -1983, -343
-33, -1998, -280
38, -1998, -137
70, -1998, -132
87, -1998, 104
179, -1998, 242
312, -1998, 326
406, -1991, 434
488, -1631, 612
-,-,-
-411, -278, -369
-376, -217, -331
-295, -186, -388
-214, -133, -368
-214, -133, -368
-122, -166, -408
-29, -186, -467
14, -355, -515
51, -579, -472
83, -931, -366
-153, -1439, -568
223, -1867, -570
262, -1998, 949
183, -1998, 616
37, -1998, 601
26, -1998, -25
26, -1998, -25
240, -1998, 76
374, -1982, 226
-,-,-
-498, -674, -560
-457, -625, -546
-394, -581, -577
-309, -389, -457
-233, -134, -519
-172, 108, -450
-90, 219, -335
48, 206, -287
139, 0, -208
139, 0, -208
128, -320, -300
64, -717, -253
23, -1344, -227
51, -1968, -29
-25, -1998, -36
-24, -1998, 244
117, -1998, 29
117, -1998, 29
350, -1998, 104
540, -1998, 403
674, -1875, 805
690, -935, 979
761, -214, 979
-,-,-
-232, -511, -758
-211, -434, -859
-159, -199, -965
-100, 272, -1035
-41, 590, -1137
36, 696, -1293
111, 755, -1261
213, 613, -1111
291, 239, -884
392, -414, -524
392, -414, -524
407, -1192, -625
335, -1868, -369
198, -1998, -120
86, -1998, -375
48, -1998, -623
211, -1998, -199
403, -1998, 108
-,-,-
-328, -537, -771
-297, -272, -755
-206, 50, -793
-22, 407, -924
89, 534, -1319
132, 570, -1359
216, 451, -1043
246, 136, -776
178, -190, -367
49, -731, -36
49, -731, -36
49, -1476, 0
134, -1995, -127
33, -1998, -289
-81, -1998, -281
-124, -1998, -428
-2, -1998, 484
168, -1998, 1163
393, -1893, 1371
560, -1049, 1111
-,-,-
-303, -407, -727
-260, -145, -629
-209, 202, -644
-113, 370, -880
42, 407, -924
124, 212, -1100
215, -161, -1014
254, -832, -634
296, -1391, -375
282, -1920, -344
276, -1998, -141
276, -1998, -141
242, -1998, -251
152, -1998, -160
15, -1998, 126
-194, -1998, 324
-205, -1998, 412
83, -1998, 352
-,-,-
-194, -295, -736
-170, -35, -789
-170, -35, -789
-156, 186, -848
-157, 292, -850
-105, 222, -745
-94, 98, -751
-80, -72, -833
35, -256, -802
157, -552, -1192
243, -1002, -1428
290, -1693, -1607
364, -1998, -1049
361, -1998, -591
437, -1998, -97
656, -1998, 759
-,-,-
-297, -874, -354
-277, -524, -537
-279, -294, -560
-243, -176, -525
-152, -39, -526
-118, -118, -634
-116, -212, -616
-88, -285, -456
-31, -371, -273
-37, -420, -432
-83, -358, -720
-155, -286, -1175
-244, -359, -1451
-333, -957, -1753
-280, -1865, -1978
118, -1998, -1146
437, -1998, 251
-,-,-
-277, -1156, -253
-268, -765, -263
-233, -321, -252
-150, 232, -263
-107, 839, -540
-37, 1344, -1169
82, 1416, -1423
212, 1173, -1230
263, 600, -696
269, -451, -69
233, -1581, 138
209, -1998, 37
209, -1998, 37
334, -1998, -61
255, -1998, -721
116, -1998, -900
-85, -1998, -645
-86, -1998, -201
-,-,-
-101, -770, -457
-121, -226, -639
-121, -226, -639
-116, 292, -930
-128, 633, -1245
-164, 772, -1548
-107, 646, -1511
-2, 383, -1371
63, 4, -1183
125, -564, -1206
225, -1264, -826
298, -1928, -599
312, -1998, -534
372, -1998, -399
559, -1998, -57
810, -1998, 527
-,-,-
-6, -744, -410
-3, -454, -378
-85, -149, -538
-131, 205, -557
-118, 546, -516
-96, 836, -547
-96, 836, -547
-82, 940, -772
-40, 1032, -825
2, 1179, -811
31, 1075, -886
32, 647, -799
32, 647, -799
42, -116, -977
163, -1369, -939
510, -1998, -562
794, -1998, -76
837, -1998, 523
817, -1998, 811
764, -1998, 1027
-,-,-
-286, -637, -500
-283, -233, -522
-314, 199, -564
-280, 567, -698
-215, 744, -865
-145, 849, -923
-54, 823, -822
33, 707, -787
33, 707, -787
135, 467, -875
225, 78, -804
280, -615, -683
260, -1588, -766
316, -1998, -530
394, -1998, -158
370, -1998, -136
442, -1998, -10
483, -1998, 346
-,-,-
-161, -929, -285
-194, -515, -375
-172, -170, -285
-123, 192, -206
-80, 424, -272
-28, 612, -459
-28, 612, -459
36, 779, -586
116, 749, -615
205, 430, -757
242, -71, -906
232, -751, -973
177, -1614, -940
207, -1998, -796
207, -1998, -796
273, -1998, -297
237, -1998, 120
232, -1998, 328
279, -1998, 533
318, -1998, 675
379, -1532, 779
-,-,-
-236, 94, -418
-134, 328, -332
-48, 417, -379
28, 449, -467
79, 436, -509
79, 436, -509
67, 291, -566
20, 23, -689
18, -488, -871
101, -1278, -1089
242, -1981, -1209
405, -1998, -841
466, -1998, -330
444, -1998, 159
419, -1998, 620
419, -1998, 620
398, -1998, 810
407, -1736, 989
410, -895, 1172
377, -283, 1228
-,-,-
-238, 171, -525
-205, 240, -518
-205, 240, -518
-169, 339, -392
-132, 381, -440
-78, 308, -646
-30, 190, -688
-68, 12, -711
-117, -419, -662
-66, -1092, -830
95, -1880, -822
201, -1998, -559
376, -1998, -89
376, -1998, -89
482, -1998, -209
576, -1998, 117
623, -1998, 227
-,-,-
-85, 301, -271
52, 484, -276
105, 602, -386
111, 705, -405
76, 717, -482
76, 717, -482
-6, 674, -482
-67, 464, -438
-61, 88, -450
11, -587, -642
11, -587, -642
190, -1617, -672
375, -1998, -785
491, -1998, -884
454, -1998, -959
355, -1998, -688
274, -1998, -365
412, -1998, -32
634, -1937, 367
760, -1255, 952
714, -540, 1304
663, 26, 1291
-,-,-
-67, -44, -319
-67, -44, -319
-35, 201, -417
-22, 501, -397
-96, 608, -362
-175, 654, -388
-175, 658, -277
-174, 570, -337
-143, 264, -369
-43, -284, -492
-43, -284, -492
176, -1211, -727
381, -1985, -872
655, -1998, -925
694, -1998, -1463
727, -1998, -1306
765, -1998, -596
812, -1998, 445
737, -1571, 1021
707, -857, 1386
-,-,-
-64, -895, -462
-80, -414, -401
-46, -63, -281
-46, -63, -281
0, 132, -345
43, 269, -510
92, 542, -486
97, 664, -479
97, 664, -479
82, 690, -444
53, 559, -447
50, 423, -575
35, 271, -673
-43, -203, -874
-43, -203, -874
-48, -972, -1188
50, -1832, -1192
167, -1998, -819
228, -1998, -694
403, -1998, -513
512, -1998, -219
532, -1998, 289
498, -1854, 871
420, -1182, 1232
405, -553, 1244
515, 15, 1058
-,-,-
40, 1006, -748
54, 1009, -775
54, 1009, -775
99, 885, -652
130, 466, -856
190, -166, -961
181, -881, -1175
187, -1757, -1092
206, -1998, -945
286, -1998, -478
356, -1998, -227
413, -1998, 161
445, -1998, 565
460, -1948, 860
419, -1367, 1114
402, -683, 1214
402, -683, 1214
464, -93, 996
566, 359, 668
610, 755, 349
-,-,-
-129, 546, -395
-131, 634, -293
-100, 686, -203
-41, 701, -184
-41, 701, -184
39, 568, -286
83, 305, -571
74, -53, -822
63, -653, -1146
128, -1602, -1392
212, -1998, -1488
333, -1998, -1569
466, -1998, -984
384, -1998, -242
362, -1998, 383
456, -1998, 838
456, -1998, 838
490, -1770, 1069
440, -1216, 1138
387, -754, 1252
-,-,-
124, -1027, -807
68, -474, -708
-6, -77, -710
-42, 313, -454
-42, 313, -454
-59, 659, -591
-60, 900, -625
-50, 1013, -643
9, 1013, -638
94, 843, -479
164, 530, -339
164, 530, -339
165, 144, -465
143, -500, -816
134, -1543, -847
179, -1998, -845
379, -1998, -738
494, -1998, -301
554, -1998, 217
585, -1998, 611
587, -1998, 860
619, -1775, 925
-,-,-
132, -1998, -555
166, -1998, -615
152, -1744, -727
124, -1112, -624
55, -487, -582
25, 8, -408
25, 8, -408
16, 451, -394
10, 814, -451
-12, 1052, -549
-6, 1153, -634
83, 1150, -623
83, 1150, -623
193, 922, -558
244, 524, -497
195, -3, -591
168, -816, -715
165, -1701, -1068
201, -1998, -1336
290, -1998, -1253
388, -1998, -822
524, -1998, -27
594, -1998, 446
662, -1998, 880
722, -1768, 1150
-,-,-
53, 343, -474
53, 343, -474
0, 567, -335
-50, 713, -385
-49, 844, -494
-8, 879, -439
-8, 879, -439
24, 735, -449
-41, 483, -635
-88, -143, -848
56, -1084, -1169
219, -1971, -1402
363, -1998, -1369
435, -1998, -1286
446, -1998, -554
444, -1998, 405
472, -1998, 959
532, -1993, 1302
576, -1516, 1305
595, -810, 1006
595, -810, 1006
644, -237, 757
-,-,-
173, -1227, -506
163, -593, -478
112, -39, -411
56, 326, -522
56, 326, -522
20, 640, -561
5, 907, -642
32, 1144, -627
62, 1144, -554
62, 1144, -554
73, 941, -443
68, 657, -547
57, 213, -756
91, -511, -1064
223, -1386, -1225
358, -1997, -1308
476, -1998, -1095
538, -1998, -798
544, -1998, -226
535, -1998, 248
550, -1998, 669
592, -1991, 840
592, -1991, 840
610, -1605, 1006
637, -913, 905
618, -267, 603
-,-,-
53, -1538, -683
47, -841, -576
-12, -193, -542
-75, 307, -576
-88, 685, -611
-50, 935, -695
-50, 935, -695
10, 1043, -738
82, 979, -659
165, 768, -608
229, 518, -774
228, 130, -887
212, -498, -989
270, -1517, -899
270, -1517, -899
281, -1998, -477
273, -1998, -69
332, -1998, 186
420, -1998, 271
515, -1998, 385
585, -1998, 618
667, -1782, 559
-,-,-
95, -1196, -620
66, -692, -619
66, -692, -619
29, -277, -531
-4, 149, -431
-22, 491, -478
-24, 725, -550
13, 916, -495
49, 962, -407
49, 962, -407
75, 942, -339
67, 787, -339
7, 528, -537
7, 528, -537
-41, 47, -792
-18, -817, -1056
202, -1861, -1219
617, -1998, -1078
775, -1998, -1029
780, -1998, -731
742, -1998, -139
689, -1998, 413
-,-,-
-139, 365, -394
-139, 365, -394
-144, 748, -350
-82, 1059, -408
-6, 1121, -629
56, 1127, -635
127, 914, -668
115, 556, -883
76, -101, -1050
138, -1057, -1020
258, -1954, -608
472, -1998, -379
472, -1998, -379
641, -1998, -485
876, -1998, -235
988, -1998, -19
952, -1998, 377
876, -1920, 713
757, -1297, 1159
-,-,-
-43, -83, -34
-43, -83, -34
-42, 436, -121
-54, 837, -383
35, 868, -529
122, 457, -733
162, -403, -1286
179, -1473, -1726
261, -1998, -1982
363, -1998, -1600
307, -1998, -1181
237, -1998, -675
220, -1998, -155
336, -1998, 308
484, -1868, 622
484, -1868, 622
599, -1379, 861
651, -871, 1010
620, -359, 1014
-,-,-
-217, 297, -466
-223, 610, -687
-242, 777, -969
-188, 769, -1260
-56, 440, -1377
42, -91, -1465
144, -616, -1776
291, -1401, -1757
461, -1971, -1469
554, -1998, -752
463, -1998, -362
522, -1998, 173
640, -1998, 606
640, -1998, 606
719, -1998, 897
-,-,-
-361, 373, -778
-320, 528, -707
-284, 642, -648
-183, 561, -763
-30, 407, -784
129, -10, -712
237, -770, -756
307, -1556, -684
346, -1998, -385
221, -1998, -490
150, -1998, -374
176, -1998, -266
264, -1998, 81
264, -1998, 81
383, -1998, 447
520, -1718, 865
591, -769, 1043
-,-,-
-148, -171, -330
-117, 394, -468
-70, 906, -543
-58, 1297, -631
-59, 1485, -778
-27, 1337, -709
-27, 1337, -709
55, 981, -631
166, 394, -656
248, -538, -797
315, -1723, -884
335, -1998, -907
381, -1998, -992
490, -1998, -930
556, -1998, -428
566, -1998, 139
564, -1998, 580
556, -1731, 836
550, -936, 1003
-,-,-
-155, -256, -317
-150, 133, -410
-138, 485, -508
-97, 815, -543
-97, 815, -543
-49, 1107, -566
-7, 1155, -700
55, 1093, -737
116, 903, -898
140, 591, -1044
134, -47, -1209
195, -947, -1275
286, -1860, -1131
499, -1998, -859
644, -1998, -303
757, -1998, 134
757, -1998, 134
805, -1998, 601
780, -1998, 925
-,-,-
7, 1196, -578
7, 1196, -578
6, 1196, -583
21, 1080, -566
-10, 886, -807
20, 332, -1136
20, 332, -1136
107, -511, -1327
225, -1713, -1340
584, -1998, -1236
891, -1998, -719
918, -1998, -57
831, -1998, 686
778, -1998, 1045
761, -1906, 1183
-,-,-
-63, 386, -544
-12, 794, -499
9, 1126, -480
28, 1351, -544
28, 1351, -544
47, 1434, -486
80, 1321, -398
121, 1103, -410
173, 729, -523
221, -20, -706
271, -1209, -950
376, -1998, -1205
516, -1998, -764
561, -1998, -694
604, -1998, -511
661, -1998, -408
720, -1998, 93
720, -1998, 93
792, -1946, 681
874, -1293, 903
-,-,-
18, -334, -712
-42, 125, -592
-104, 444, -399
-88, 782, -444
-41, 1023, -393
48, 1050, -290
48, 1050, -290
105, 1101, -351
110, 984, -361
118, 722, -510
157, 424, -708
139, -85, -926
197, -979, -987
338, -1938, -1043
558, -1998, -954
558, -1998, -701
669, -1998, -701
686, -1998, -163
630, -1998, 101
665, -1998, 450
724, -1998, 691
765, -1683, 918
-,-,-
94, -824, -508
94, -824, -508
19, -319, -492
-25, 98, -340
-23, 470, -299
14, 764, -262
86, 954, -355
86, 954, -355
157, 1051, -423
174, 1103, -373
172, 1014, -427
209, 791, -529
246, 370, -616
265, -318, -754
337, -1368, -916
404, -1998, -867
404, -1998, -867
406, -1998, -693
525, -1998, -702
589, -1998, -513
566, -1998, -78
533, -1998, 364
554, -1957, 569
601, -1463, 731
644, -815, 930
632, -167, 935
597, 275, 785
595, 796, 586
595, 796, 586
551, 1079, 333
521, 1132, 299
-,-,-
-209, 285, -350
-102, 634, -180
8, 823, -355
8, 823, -355
105, 879, -523
186, 881, -499
218, 687, -550
222, 272, -525
242, -513, -616
300, -1538, -756
384, -1998, -738
494, -1998, -600
494, -1998, -600
635, -1998, -284
640, -1998, -53
610, -1998, 222
603, -1998, 507
627, -1836, 564
663, -1324, 661
-,-,-
-89, -744, -1477
-946, -1538, -1764
90, -1998, -1991
972, -1998, -920
880, -1998, -1854
629, -1998, -1443
334, -1998, -1084
257, -1998, -143
261, -1998, 442
372, -1998, 726
568, -1972, 789
725, -1519, 708
-,-,-
-352, -115, -492
-322, 18, -522
-322, 18, -522
-233, 274, -527
-154, 491, -572
-75, 542, -666
-10, 357, -725
12, -24, -926
113, -858, -1092
267, -1797, -1124
326, -1998, -920
323, -1998, -920
489, -1998, -694
669, -1998, -319
733, -1998, 193
733, -1998, 193
-,-,-
-287, -122, -268
-262, 206, -126
-188, 456, -137
-67, 652, -176
-67, 652, -176
2, 808, -363
21, 933, -423
70, 810, -442
107, 373, -602
107, 373, -602
91, -311, -674
132, -1366, -923
220, -1994, -1097
259, -1998, -1276
267, -1998, -980
302, -1998, -806
506, -1998, -328
486, -1998, 537
382, -1765, 1260
-,-,-
-169, 239, -370
-85, 606, -513
-5, 869, -566
116, 965, -722
227, 853, -748
294, 463, -679
294, 463, -679
272, -62, -625
183, -784, -682
172, -1671, -841
87, -1998, -1056
115, -1998, -974
189, -1998, -861
286, -1998, -279
342, -1998, 182
372, -1998, 542
376, -1630, 892
405, -747, 1193
-,-,-
-31, 474, -245
28, 715, -450
28, 715, -450
87, 768, -648
148, 788, -721
204, 669, -718
239, 386, -632
196, -3, -660
196, -3, -660
168, -628, -735
290, -1623, -876
337, -1998, -918
308, -1998, -1015
244, -1998, -955
207, -1998, -480
232, -1998, 24
301, -1998, 364
424, -1763, 682
-,-,-
-127, -249, -399
-117, 134, -385
-96, 528, -520
-53, 755, -572
-53, 755, -572
-5, 871, -626
22, 907, -592
48, 825, -515
102, 592, -429
164, 170, -418
164, 170, -418
182, -508, -718
260, -1431, -1109
402, -1998, -1735
516, -1998, -1997
610, -1998, -1996
747, -1998, -1395
854, -1998, -136
-,-,-
-291, 511, -582
-215, 758, -513
-119, 983, -564
-51, 1134, -457
33, 1020, -370
33, 1020, -370
98, 610, -420
174, -2, -825
361, -978, -1292
483, -1912, -1593
602, -1998, -1921
648, -1998, -1997
740, -1998, -1860
779, -1998, -1246
938, -1998, -105
948, -1882, 726
-,-,-
-131, -728, -846
-116, -272, -866
-163, 61, -804
-208, 360, -682
-230, 706, -637
-182, 868, -503
-103, 797, -347
-11, 763, -382
60, 654, -361
60, 654, -361
119, 387, -343
140, -99, -559
165, -801, -849
314, -1752, -1258
449, -1998, -1672
560, -1998, -1900
807, -1998, -1901
931, -1998, -1286
1007, -1998, -312
-,-,-
-180, -170, -392
-194, 175, -314
-150, 519, -231
-48, 760, -210
-48, 760, -210
59, 895, -187
111, 916, -271
113, 828, -393
95, 665, -623
99, 191, -941
99, 191, -941
133, -712, -1157
220, -1747, -1580
376, -1998, -1879
601, -1998, -1617
670, -1998, -1325
669, -1998, -618
792, -1998, -28
800, -1998, 751
580, -1660, 1379
493, -1167, 1563
-,-,-
96, -957, -525
68, -466, -507
32, -94, -495
49, 350, -355
89, 713, -197
89, 713, -197
95, 886, -154
113, 992, -167
100, 1074, -170
65, 1119, -228
66, 984, -243
58, 791, -412
58, 791, -412
43, 361, -582
87, -436, -880
230, -1418, -1187
320, -1998, -1729
529, -1998, -1976
648, -1998, -1986
704, -1998, -1433
629, -1998, -739
717, -1998, 58
736, -1965, 747
603, -1568, 1116
565, -1083, 1263
593, -531, 1190
671, -141, 1092
671, -141, 1092
-,-,-
-177, -482, -610
-82, 99, -454
58, 585, -467
153, 1065, -560
132, 1343, -907
154, 1289, -792
200, 994, -657
233, 454, -585
233, 454, -585
213, -264, -596
168, -1273, -924
138, -1995, -1146
157, -1998, -1285
173, -1998, -1451
271, -1998, -957
400, -1998, -349
401, -1998, 396
-,-,-
-220, 14, -298
-220, 14, -298
-160, 243, -295
-81, 453, -369
0, 560, -349
67, 720, -350
157, 681, -397
224, 513, -497
224, 513, -497
196, 312, -556
117, -212, -678
46, -1061, -1016
30, -1924, -1469
98, -1998, -1498
427, -1998, -1315
822, -1998, -1074
1137, -1998, 35
826, -1998, 1029
588, -1988, 1431
510, -1425, 1333
-,-,-
-47, -555, -670
-20, -190, -495
2, 113, -394
46, 481, -328
46, 481, -328
107, 763, -324
128, 967, -418
99, 1084, -444
42, 1088, -497
-13, 895, -565
-13, 895, -565
-67, 428, -747
-38, -439, -1098
52, -1561, -1341
308, -1998, -1503
587, -1998, -1588
890, -1998, -836
1002, -1998, -236
1013, -1998, 551
995, -1982, 1221
897, -1319, 1597
820, -574, 1658
-,-,-
73, -725, -348
13, -249, -382
-14, 158, -215
-14, 158, -215
39, 462, -211
113, 763, -414
140, 951, -557
139, 1129, -632
131, 1152, -718
94, 1030, -795
94, 1030, -795
13, 716, -912
-90, 142, -1139
-17, -830, -1248
201, -1896, -1600
525, -1998, -1327
677, -1998, -1355
761, -1998, -848
789, -1998, -263
861, -1998, 269
882, -1997, 890
843, -1460, 1399
-,-,-
-17, -713, -488
-61, -266, -475
-80, 144, -411
-80, 144, -411
-68, 359, -435
31, 566, -510
130, 707, -533
197, 802, -462
194, 884, -564
168, 826, -655
168, 826, -655
144, 635, -669
76, 241, -762
19, -457, -943
77, -1427, -1131
253, -1998, -1055
326, -1998, -513
318, -1998, -383
396, -1998, -41
471, -1998, 234
597, -1998, 650
597, -1998, 650
-,-,-
-97, -677, -335
-97, -677, -335
-90, -454, -333
-62, -146, -197
-14, 177, -297
54, 426, -344
115, 571, -470
122, 728, -654
97, 903, -755
97, 903, -755
97, 732, -988
103, 329, -1407
208, -316, -1659
381, -1207, -1412
495, -1911, -849
507, -1998, -341
533, -1998, 121
600, -1998, 753
785, -1998, 1452
529, -1998, 1768
345, -1998, 1742
-,-,-
-233, -508, -535
-277, -366, -447
-331, -164, -533
-345, 180, -532
-268, 436, -528
-243, 780, -1033
-269, 897, -1346
-162, 529, -966
-162, 529, -966
87, -543, -327
173, -1787, -50
183, -1998, 76
154, -1998, 19
151, -1998, 168
266, -1998, 121
490, -1998, -228
-,-,-
-252, -442, -447
-187, -127, -456
-66, 258, -475
32, 659, -507
73, 876, -607
150, 868, -588
223, 741, -602
223, 741, -602
301, 425, -710
284, -150, -760
111, -879, -836
-114, -1695, -949
-328, -1998, -1291
-462, -1998, -1411
-378, -1998, -957
-163, -1998, -334
151, -1998, 181
-,-,-
-47, -1019, -377
0, -624, -422
-25, -261, -465
-1, 60, -444
-1, 294, -520
24, 351, -541
24, 351, -541
54, 413, -602
63, 522, -573
73, 541, -464
60, 466, -488
60, 466, -488
-34, 271, -831
-164, 22, -1043
-316, -500, -1354
-420, -1486, -1593
-419, -1998, -1681
-277, -1998, -1417
47, -1998, -450
256, -1998, 77
504, -1998, 690
676, -1979, 973
854, -1189, 1251
862, -365, 1276
-,-,-
-129, -215, -607
-137, 50, -612
-139, 163, -461
-134, 251, -596
-123, 317, -627
-97, 326, -533
-58, 292, -344
-17, 218, -353
19, 183, -390
19, 183, -390
28, 159, -541
-52, -9, -800
-140, -442, -1148
-238, -1237, -1696
-231, -1985, -1773
23, -1998, -1541
231, -1998, -1017
338, -1998, -148
382, -1998, 396
478, -1996, 667
606, -1542, 756
-,-,-
116, 777, -568
0, 823, -622
0, 823, -622
-85, 503, -842
28, -322, -1292
326, -1479, -1281
622, -1998, -774
690, -1998, -196
430, -1998, -85
183, -1998, 156
79, -1998, 130
209, -1998, 108
209, -1998, 108
432, -1957, 214
618, -1415, 266
-,-,-
66, 564, -504
66, 564, -504
117, 759, -657
144, 935, -624
116, 978, -721
84, 883, -614
45, 686, -719
45, 686, -719
92, 359, -660
171, -76, -697
186, -747, -653
232, -1499, -789
299, -1998, -770
191, -1998, -455
56, -1998, -369
22, -1998, -111
22, -1998, -111
34, -1998, 445
149, -1998, 704
274, -1903, 609
534, -1313, 623
-,-,-
-138, -334, -395
-98, -96, -332
-41, 118, -271
50, 433, -176
50, 433, -176
80, 582, -256
106, 675, -417
110, 744, -501
110, 769, -531
25, 511, -509
25, 511, -509
-123, -176, -561
-32, -1426, -709
65, -1998, -742
9, -1998, -385
-55, -1998, -218
-91, -1998, 37
-26, -1998, 413
131, -1998, 543
332, -1983, 394
511, -1522, 423
511, -1522, 423
-,-,-
-97, 685, -386
3, 987, -507
0, 1180, -617
0, 1180, -617
85, 1225, -513
190, 1029, -482
294, 629, -389
346, 96, -399
333, -573, -506
292, -1554, -685
201, -1998, -795
29, -1998, -954
29, -1998, -954
-84, -1998, -611
-145, -1998, -198
-198, -1998, 326
-155, -1998, 542
10, -1998, 404
348, -1998, 277
686, -1874, 354
922, -1289, 520
-,-,-
-213, -769, -734
-212, -327, -606
-170, -12, -470
-114, 298, -315
-49, 464, -376
-49, 464, -376
50, 799, -396
124, 1048, -425
173, 1039, -596
226, 901, -493
213, 686, -397
153, 336, -496
105, -280, -821
105, -280, -821
32, -1344, -956
-100, -1996, -1146
-248, -1998, -1242
-271, -1998, -1235
-46, -1998, -737
266, -1998, -203
266, -1998, -203
589, -1996, 154
926, -1432, 539
-,-,-
-134, -1128, -532
-74, -742, -294
-67, -406, -193
-86, -129, -230
-88, 86, -347
-50, 331, -198
18, 534, -84
54, 708, -186
54, 708, -186
78, 741, -251
107, 809, -337
154, 764, -433
200, 516, -658
246, -36, -893
246, -36, -893
173, -850, -1325
29, -1873, -1539
-260, -1998, -1242
-719, -1998, -1414
-672, -1998, -1817
-172, -1998, -1771
642, -1971, -43
-,-,-
30, 475, -696
89, 733, -721
89, 733, -721
152, 889, -790
203, 975, -770
228, 916, -673
225, 660, -425
179, 295, -473
133, -325, -558
133, -325, -558
106, -1368, -405
-55, -1998, -158
-223, -1998, -445
-263, -1998, -702
-138, -1998, -689
117, -1998, -289
371, -1998, -241
-,-,-
-30, 334, -504
-6, 523, -558
22, 625, -547
74, 674, -537
147, 610, -544
147, 610, -544
189, 455, -488
215, 275, -410
232, -17, -419
200, -275, -476
65, -727, -498
-105, -1541, -624
-361, -1998, -883
-319, -1998, -1132
83, -1998, -856
375, -1998, -248
547, -1998, 377
637, -1990, 673
637, -1990, 673
-,-,-
-20, -1900, -864
-29, -1400, -763
-30, -866, -493
-32, -369, -413
-11, 33, -393
13, 352, -416
37, 592, -466
37, 592, -466
65, 758, -489
101, 833, -464
162, 774, -353
254, 543, -357
309, 324, -563
309, 324, -563
291, -74, -766
350, -640, -1042
474, -1510, -896
446, -1998, -457
324, -1998, -91
117, -1998, -31
-79, -1998, 285
-68, -1998, 621
32, -1998, 390
-,-,-
-43, -1922, -1094
-64, -1325, -780
-71, -715, -482
-46, -147, -415
-30, 383, -528
3, 868, -682
73, 1124, -868
155, 1178, -908
207, 1070, -822
207, 1070, -822
228, 732, -749
257, 469, -945
288, 78, -1186
334, -548, -1490
496, -1205, -1527
633, -1864, -1127
647, -1998, -470
511, -1998, 408
275, -1998, 685
162, -1998, 759
-,-,-
-168, -780, -641
-179, -505, -580
-191, -196, -614
-191, -196, -614
-185, 24, -546
-164, 232, -577
-121, 467, -683
-79, 613, -771
-50, 705, -795
5, 677, -809
87, 546, -807
87, 546, -807
212, 176, -710
269, -404, -447
199, -1335, -235
128, -1995, -26
150, -1998, 266
221, -1998, 501
313, -1998, 404
501, -1998, 597
571, -1998, 463
571, -1998, 463
648, -1942, 363
733, -1251, 326
818, -485, 270
-,-,-
-12, -856, -655
-4, -345, -449
3, 32, -502
3, 32, -502
9, 410, -760
17, 777, -956
48, 1042, -914
116, 1072, -858
178, 962, -780
178, 962, -780
201, 736, -798
185, 409, -918
188, -205, -1244
208, -902, -1333
206, -1782, -1072
276, -1998, -1009
273, -1998, -315
211, -1998, 281
193, -1998, 1057
205, -1998, 1432
-,-,-
-10, -1998, -637
-14, -1998, -751
5, -1862, -641
9, -1234, -481
-21, -628, -454
-20, -200, -403
-28, 136, -457
-18, 351, -461
-18, 351, -461
40, 572, -466
124, 668, -414
181, 675, -402
221, 670, -438
254, 703, -471
261, 607, -625
261, 607, -625
169, 445, -892
47, 9, -916
-121, -829, -971
-106, -1862, -824
21, -1998, -383
166, -1998, 7
363, -1998, 308
363, -1998, 308
482, -1998, 814
532, -1998, 847
694, -1938, 830
-,-,-
0, -371, -619
0, -371, -619
16, 1, -668
52, 252, -729
90, 457, -729
154, 635, -578
154, 635, -578
192, 734, -524
206, 775, -438
196, 684, -381
132, 595, -387
22, 340, -574
-1, -282, -858
-1, -282, -858
-23, -1344, -1133
-33, -1998, -965
-109, -1998, -658
-161, -1998, -160
-51, -1998, 142
114, -1998, 319
333, -1998, 478
574, -1575, 501
-,-,-
41, -1699, -779
37, -1046, -692
-1, -503, -710
-33, -33, -683
-29, 318, -567
-41, 618, -621
-22, 822, -686
-22, 822, -578
21, 866, -578
72, 811, -386
128, 733, -265
174, 555, -290
200, 428, -399
158, 259, -643
158, 259, -643
96, -175, -895
38, -1114, -1031
-97, -1971, -1031
-157, -1998, -859
18, -1998, -754
218, -1998, -461
354, -1998, 57
419, -1998, 401
559, -1600, 547
716, -729, 760
-,-,-
-23, -1699, -813
62, -1132, -613
45, -710, -524
14, -343, -507
-14, 103, -436
-15, 495, -373
14, 881, -346
43, 1036, -345
43, 1036, -345
93, 1066, -353
156, 1073, -327
221, 919, -294
254, 678, -401
164, 320, -467
-23, -377, -792
-115, -1387, -1238
-116, -1998, -1811
-60, -1998, -1665
-2, -1998, -1209
128, -1998, -870
299, -1998, -455
466, -1998, 45
466, -1998, 45
-,-,-
-46, -464, -587
-24, -117, -406
6, 102, -337
6, 102, -337
29, 242, -416
64, 359, -453
104, 516, -370
135, 604, -257
125, 565, -299
125, 565, -299
102, 517, -380
55, 523, -486
-16, 421, -721
-82, -31, -892
-135, -906, -1006
-256, -1870, -942
-279, -1998, -751
-210, -1998, -500
-37, -1998, -310
150, -1998, -148
295, -1998, 199
419, -1824, 533
532, -937, 661
532, -937, 661
-,-,-
-207, -678, -566
-218, -291, -588
-218, -291, -588
-182, -45, -580
-99, 149, -655
-4, 284, -826
49, 501, -868
48, 667, -763
46, 709, -689
46, 709, -689
89, 656, -661
147, 521, -711
149, 140, -744
130, -629, -637
0, -1734, -520
-222, -1998, -448
-242, -1998, -222
-158, -1998, -49
-79, -1998, 192
-79, -1998, 192
56, -1998, 279
335, -1998, 320
619, -1550, 598
-,-,-
-16, 715, -398
-2, 620, -101
-4, 516, -78
-4, 516, -78
20, 500, -306
92, 176, -566
111, -347, -577
164, -1116, -472
184, -1901, -591
-38, -1998, -540
-400, -1998, -557
-485, -1998, -591
-267, -1998, -247
37, -1998, 12
37, -1998, 12
398, -1998, 325
660, -1787, 367
871, -1052, 390
-,-,-
68, -391, -365
68, -391, -365
14, -43, -468
-8, 276, -464
-11, 460, -394
41, 568, -407
71, 782, -618
71, 782, -618
118, 961, -573
172, 871, -486
213, 601, -738
219, 198, -865
130, -557, -775
-103, -1638, -709
-193, -1998, -416
-217, -1998, -254
-193, -1998, -35
-65, -1998, 75
-65, -1998, 75
120, -1998, 338
297, -1917, 560
414, -1497, 562
509, -808, 407
609, -307, 551
713, -45, 515
818, 296, 643
818, 296, 643
784, 621, 582
704, 756, 452
-,-,-
-13, 618, -551
51, 587, -502
87, 522, -428
94, 424, -458
94, 424, -458
99, 303, -512
107, -4, -583
55, -443, -690
17, -1109, -863
12, -1876, -917
27, -1998, -697
45, -1998, -327
45, -1998, -327
24, -1998, -121
59, -1998, 242
72, -1998, 306
181, -1998, 436
316, -1705, 383
401, -1137, 438
447, -788, 376
477, -525, 370
477, -525, 370
472, -193, 328
447, 20, 300
-,-,-
-284, -91, -340
-206, 342, -501
-169, 636, -639
-81, 783, -664
25, 734, -637
25, 734, -637
131, 543, -699
210, 200, -695
229, -360, -592
236, -1023, -506
280, -1711, -454
293, -1998, -384
199, -1998, -400
66, -1998, -384
5, -1998, -376
44, -1998, -88
44, -1998, -88
87, -1998, 151
101, -1990, 191
195, -1661, 128
299, -1190, 97
415, -714, 168
-,-,-
-150, -58, -400
-150, -58, -400
-150, 304, -354
-105, 569, -352
-37, 674, -496
50, 680, -550
136, 671, -508
180, 508, -577
191, 267, -563
191, 267, -563
169, -216, -505
169, -878, -487
197, -1772, -577
157, -1998, -653
132, -1998, -605
75, -1998, -603
28, -1998, -452
139, -1998, -286
246, -1998, -102
345, -1901, 35
494, -1239, 282
-,-,-
-128, 49, -840
-198, 609, -770
-198, 609, -770
-153, 928, -692
-47, 1029, -695
64, 1006, -601
145, 912, -427
238, 625, -319
307, 177, -189
271, -401, -188
209, -1034, -316
162, -1852, -619
113, -1998, -996
-20, -1998, -1383
-25, -1998, -1583
49, -1998, -1137
135, -1998, -312
135, -1998, -312
208, -1983, 250
391, -1699, 622
558, -1149, 669
749, -676, 847
-,-,-
122, 253, -554
142, 606, -680
142, 606, -680
153, 904, -877
157, 1092, -792
139, 1105, -612
148, 948, -479
190, 651, -450
257, 205, -509
276, -448, -541
276, -448, -541
197, -1275, -655
135, -1975, -751
50, -1998, -813
-181, -1998, -924
-184, -1998, -682
61, -1998, -459
270, -1998, -119
400, -1998, 296
575, -1967, 443
755, -1446, 503
879, -781, 791
-,-,-
-114, -19, -642
-81, 248, -507
-36, 319, -354
41, 337, -299
101, 315, -266
101, 315, -266
129, 303, -245
154, 257, -219
184, 214, -269
205, 127, -322
161, 31, -436
108, 31, -638
108, -307, -638
114, -980, -825
119, -1854, -997
52, -1998, -1012
43, -1998, -1083
198, -1998, -752
309, -1998, -180
427, -1998, 345
563, -1974, 693
694, -1382, 756
-,-,-
-16, -1592, -507
30, -996, -458
46, -530, -628
78, -58, -641
146, 228, -677
233, 404, -672
301, 510, -644
301, 510, -644
302, 557, -536
290, 535, -342
320, 426, -293
368, 196, -364
328, -79, -388
212, -465, -365
138, -1198, -375
45, -1960, -435
45, -1960, -435
-153, -1998, -527
-217, -1998, -523
-96, -1998, -206
135, -1998, 338
268, -1998, 602
377, -1982, 590
590, -1535, 761
783, -889, 660
-,-,-
28, -606, -528
42, -267, -408
42, -267, -408
40, -7, -384
62, 231, -321
119, 357, -320
177, 344, -298
196, 328, -304
196, 328, -304
192, 374, -342
161, 359, -366
98, 283, -405
61, 119, -590
25, -191, -808
25, -191, -808
46, -895, -929
67, -1804, -794
59, -1998, -603
12, -1998, -296
-31, -1998, -26
-4, -1998, 353
102, -1998, 441
297, -1994, 532
412, -1504, 338
412, -1504, 338
-,-,-
-244, -1127, -300
-150, -1130, -260
-118, -1073, -316
-111, -973, -391
-125, -778, -351
-141, -614, -250
-135, -398, -180
-109, -157, -221
-51, 148, -327
12, 422, -488
49, 650, -695
93, 660, -652
105, 438, -760
105, 438, -760
154, -86, -982
165, -840, -1016
34, -1796, -854
-140, -1998, -538
-142, -1998, -395
17, -1998, 137
175, -1998, -123
-,-,-
-108, -1014, -548
-23, -682, -416
34, -357, -364
111, -38, -467
190, 313, -488
190, 313, -488
191, 587, -652
223, 763, -725
223, 840, -687
237, 738, -539
229, 340, -442
213, -200, -614
213, -200, -614
274, -1077, -845
232, -1854, -1032
44, -1998, -801
-131, -1998, -399
-304, -1998, -386
-314, -1998, 85
-219, -1998, 282
-9, -1998, 389
257, -1836, 311
556, -1248, 330
-,-,-
-53, -373, -422
17, 58, -447
81, 474, -524
153, 795, -846
211, 986, -1074
211, 986, -1074
272, 1043, -855
330, 868, -700
347, 493, -829
344, -94, -864
325, -797, -775
282, -1775, -797
265, -1998, -840
121, -1998, -577
-48, -1998, -264
-149, -1998, -61
22, -1998, -159
279, -1998, -80
279, -1998, -80
-,-,-
-69, -809, -599
-53, -410, -605
-42, -111, -598
-57, 140, -586
-57, 140, -586
-52, 270, -548
-16, 357, -599
27, 397, -572
76, 366, -478
92, 286, -543
92, 286, -543
51, 184, -773
17, 69, -958
33, -165, -1207
131, -868, -1126
198, -1682, -1026
265, -1998, -688
237, -1998, 63
189, -1998, 750
189, -1998, 750
190, -1998, 1014
356, -1998, 1020
524, -1998, 869
702, -1998, 834
805, -1755, 655
-,-,-
143, -1224, -678
138, -649, -484
120, -135, -431
120, -135, -431
119, 334, -510
75, 672, -594
44, 944, -538
75, 1062, -491
138, 1011, -423
181, 810, -462
181, 810, -462
212, 529, -519
224, 124, -737
197, -351, -1070
116, -1016, -1467
72, -1850, -1788
331, -1998, -1194
425, -1998, -499
424, -1998, 213
472, -1998, 671
601, -1998, 837
716, -1911, 1012
810, -1205, 1065
893, -474, 977
-,-,-
2, -460, -572
2, -460, -572
2, -91, -561
29, 222, -539
15, 507, -643
49, 677, -753
49, 677, -753
132, 771, -726
208, 729, -663
268, 610, -543
269, 440, -504
236, 313, -594
236, 313, -594
215, 32, -783
211, -687, -761
164, -1667, -852
98, -1998, -882
69, -1998, -817
158, -1998, -473
210, -1998, -176
301, -1998, 165
433, -1998, 477
576, -1763, 635
723, -987, 625
723, -987, 625
-,-,-
52, 186, -560
4, 560, -534
7, 791, -544
83, 977, -622
83, 977, -622
184, 1064, -762
266, 1021, -768
331, 831, -693
369, 521, -693
357, 216, -755
312, -363, -903
257, -1263, -1217
286, -1992, -1213
263, -1998, -1060
179, -1998, -527
185, -1998, -224
348, -1998, 48
348, -1998, 48
512, -1998, 349
617, -1920, 527
706, -1275, 656
763, -656, 565
846, -71, 457
835, 315, 498
777, 532, 512
777, 532, 512
687, 750, 583
-,-,-
30, -521, -1053
-40, 3, -763
-40, 3, -763
-127, 333, -643
-173, 686, -698
-172, 972, -714
-121, 1082, -679
0, 1002, -607
152, 817, -615
283, 555, -713
283, 555, -713
357, 156, -806
349, -356, -931
364, -1240, -1062
431, -1983, -993
403, -1998, -842
330, -1998, -748
405, -1998, -269
488, -1998, 354
564, -1998, 946
642, -1998, 1033
723, -1648, 837
821, -953, 639
929, -340, 547
-,-,-
84, -184, -744
68, 100, -643
-5, 338, -633
18, 510, -501
18, 510, -501
70, 652, -469
120, 774, -599
150, 732, -574
178, 676, -640
174, 571, -780
174, 571, -780
143, 294, -910
128, -238, -995
160, -1143, -1131
269, -1980, -863
368, -1998, -378
418, -1998, 17
439, -1998, 443
591, -1998, 733
712, -1998, 793
799, -1927, 536
859, -1237, 322
859, -1237, 322
849, -598, 237
795, -130, 141
749, 243, 174
701, 560, 333
-,-,-
56, -519, -985
-11, -177, -990
-67, 180, -1103
-108, 440, -1031
-101, 655, -786
-49, 687, -642
27, 650, -546
90, 578, -540
90, 578, -540
148, 536, -453
194, 399, -557
246, 124, -640
293, -358, -642
368, -1019, -690
367, -1814, -556
360, -1998, -219
566, -1998, 218
514, -1998, 366
430, -1998, 297
430, -1998, 297
545, -1998, 363
632, -1998, 319
714, -1902, 220
750, -1244, 141
812, -550, 234
811, -26, 203
-,-,-
60, -918, -800
19, -445, -673
-55, -113, -739
-100, 269, -640
-100, 269, -640
-119, 614, -587
-84, 808, -744
4, 862, -740
90, 918, -695
155, 827, -653
209, 662, -616
209, 662, -616
304, 389, -644
374, 43, -685
447, -591, -670
505, -1652, -518
449, -1998, -584
453, -1998, -949
456, -1998, -1072
360, -1998, -465
284, -1998, 64
359, -1998, 341
487, -1978, 590
650, -1468, 705
650, -1468, 705
-,-,-
183, -1891, -769
163, -1372, -663
139, -837, -604
131, -465, -580
98, -133, -603
57, 81, -650
25, 186, -674
25, 186, -674
17, 195, -546
33, 209, -417
42, 196, -343
15, 235, -308
15, 235, -308
-17, 297, -244
-18, 391, -359
-16, 364, -503
-40, 201, -826
-14, -50, -1083
85, -626, -1068
247, -1733, -652
420, -1998, -386
413, -1998, -293
413, -1998, -293
413, -1998, -354
542, -1998, -28
627, -1998, 477
666, -1998, 739
-,-,-
159, -1989, -1089
166, -1628, -1063
194, -1161, -902
172, -770, -668
134, -436, -649
69, -101, -638
-2, 125, -603
-33, 315, -451
-29, 476, -301
-1, 605, -153
-1, 605, -153
24, 698, -158
65, 764, -260
116, 801, -373
155, 673, -461
103, 466, -709
103, 466, -709
55, -34, -868
-2, -861, -1096
164, -1835, -1439
469, -1998, -1079
575, -1998, -331
585, -1998, -80
674, -1998, -4
802, -1998, 114
876, -1998, 266
919, -1490, 397
-,-,-
155, -1415, -1058
125, -943, -881
76, -461, -755
51, -68, -619
25, 399, -535
30, 807, -575
65, 1016, -632
126, 1148, -587
126, 1148, -587
193, 1163, -465
272, 969, -319
372, 691, -357
414, 268, -467
373, -319, -702
421, -1303, -879
514, -1998, -986
571, -1998, -916
465, -1998, -723
298, -1998, -611
254, -1998, -269
296, -1998, 26
296, -1998, 26
434, -1992, 290
579, -1663, 484
-,-,-
65, -1910, -1020
-29, -1434, -839
-86, -921, -771
-115, -535, -716
-122, -270, -665
-122, -270, -665
-140, -69, -614
-145, 83, -587
-136, 263, -597
-112, 410, -574
-102, 504, -519
-115, 616, -563
-109, 676, -644
-98, 618, -719
-101, 275, -948
31, -458, -1199
225, -458, -998
225, -1530, -998
298, -1998, -511
394, -1998, -238
507, -1998, -221
673, -1998, 29
800, -1998, 309
-,-,-
174, -1004, -696
175, -618, -555
117, -309, -437
58, -86, -358
26, 120, -298
26, 120, -298
25, 307, -259
33, 449, -197
64, 595, -261
113, 667, -318
147, 707, -373
147, 707, -373
145, 634, -365
105, 569, -536
-16, 408, -654
-143, -70, -919
-104, -893, -1059
-5, -1874, -977
127, -1998, -627
248, -1998, -343
303, -1998, 81
303, -1998, 81
330, -1998, 404
411, -1998, 544
532, -1977, 627
629, -1518, 601
731, -1054, 404
-,-,-
-108, -283, -518
-70, 12, -386
-60, 297, -308
-19, 595, -459
57, 749, -506
57, 749, -506
144, 762, -472
218, 711, -366
286, 549, -373
343, 352, -359
342, 94, -332
342, 94, -332
275, -286, -384
260, -937, -539
293, -1830, -788
342, -1998, -949
282, -1998, -1042
196, -1998, -654
97, -1998, -266
149, -1998, 166
209, -1998, 518
351, -1998, 531
-,-,-
-224, -109, -371
-48, -286, -1076
229, -1220, -1605
497, -1942, -1798
693, -1998, -1577
544, -1998, -1605
322, -1998, -1296
199, -1964, -609
122, -1612, -7
87, -1139, 122
136, -976, 338
157, -777, 308
157, -777, 308
182, -789, 370
173, -592, 219
125, -409, 43
122, -469, 128
127, -613, 218
167, -827, 223
167, -827, 223
134, -912, 13
78, -936, -248
47, -925, -301
27, -953, -318
-110, -972, -650
-199, -946, -1065
-50, -1085, -762
77, -1516, 6
77, -1516, 6
37, -1930, -137
-,-,-
-406, -559, -1014
-409, -324, -1061
-404, -86, -942
-369, 36, -840
-256, 99, -855
-40, 67, -856
-40, 67, -856
107, -65, -947
201, -180, -848
240, -510, -732
159, -893, -584
31, -1388, -400
-89, -1891, -371
-100, -1998, -126
-240, -1998, -165
-213, -1998, -441
60, -1998, -711
330, -1998, -752
-,-,-
-152, 22, -308
-48, 197, -280
27, 375, -437
149, 456, -679
198, 287, -701
204, -46, -418
180, -889, -43
180, -889, -43
112, -1839, -141
136, -1998, -328
235, -1998, -174
136, -1998, -479
78, -1998, -611
239, -1998, -683
458, -1998, -498
638, -1998, -64
-,-,-
-312, -719, -638
-281, -533, -535
-261, -423, -390
-235, -270, -362
-235, -270, -362
-179, 6, -280
-101, 321, -209
-56, 556, -483
25, 745, -639
147, 723, -565
300, 491, -563
395, 32, -517
395, 32, -517
378, -708, -471
343, -1667, -495
198, -1998, -656
-22, -1998, -1004
-80, -1998, -1133
6, -1998, -713
148, -1998, -104
372, -1998, 438
592, -1990, 410
-,-,-
-233, -745, -467
-300, -515, -533
-314, -390, -439
-309, -306, -365
-309, -306, -365
-269, -316, -295
-207, -345, -288
-139, -321, -296
-68, -284, -339
6, -195, -319
73, -21, -240
127, 237, -373
144, 508, -454
188, 520, -486
188, 520, -486
237, 326, -532
289, -42, -558
224, -539, -740
127, -1353, -936
57, -1998, -888
20, -1998, -804
-52, -1998, -709
44, -1998, -256
247, -1998, 174
-,-,-
-95, -1188, -655
-118, -819, -523
-118, -819, -523
-123, -490, -425
-152, -159, -401
-154, 92, -293
-143, 302, -230
-98, 460, -227
-51, 566, -300
2, 709, -291
38, 771, -288
38, 771, -288
67, 753, -372
114, 623, -518
161, 403, -792
208, -231, -947
311, -1372, -1131
402, -1998, -1816
535, -1998, -1742
523, -1998, -881
437, -1998, 60
439, -1998, 744
528, -1998, 989
528, -1998, 989
-,-,-
-57, -15, -491
37, 579, -340
43, 979, -546
43, 979, -546
40, 1267, -849
149, 1211, -769
282, 865, -772
419, 291, -717
476, -469, -571
456, -1224, -494
465, -1933, -687
397, -1998, -768
165, -1998, -915
165, -1998, -996
44, -1998, -996
16, -1998, -659
154, -1998, -355
-,-,-
-87, -1998, -850
-80, -1772, -827
-97, -1317, -708
-89, -974, -635
-75, -642, -625
-69, -380, -555
-67, -236, -433
-55, -180, -376
-21, -98, -323
30, 9, -218
30, 9, -218
104, 87, -134
175, 215, -121
243, 439, -244
279, 635, -446
279, 635, -446
301, 714, -758
176, 604, -889
72, -12, -700
131, -1351, -418
184, -1998, -729
282, -1998, -1200
299, -1998, -927
339, -1998, -295
476, -1998, 376
613, -1998, 787
-,-,-
6, -906, -649
-10, -501, -528
-17, -176, -554
14, 140, -397
34, 464, -413
69, 597, -566
182, 689, -676
182, 689, -676
309, 671, -644
397, 510, -560
411, 276, -635
376, -35, -809
349, -469, -877
324, -1143, -997
227, -1898, -1151
199, -1998, -1119
176, -1998, -169
59, -1998, 497
59, -1998, 497
45, -1998, 884
180, -1998, 910
383, -1998, 960
548, -1733, 699
750, -957, 569
982, -330, 593
-,-,-
-151, -210, -733
-111, 96, -692
-90, 355, -720
23, 634, -729
147, 731, -691
147, 731, -691
248, 647, -554
322, 568, -595
368, 444, -616
428, 229, -561
463, -173, -578
422, -695, -523
267, -1426, -605
106, -1998, -630
106, -1998, -630
-69, -1998, -522
-218, -1998, -362
-253, -1998, 219
-60, -1998, 665
249, -1998, 622
620, -1987, 694
-,-,-
-4, -1375, -850
1, -837, -859
-49, -466, -791
-87, -187, -615
-73, -31, -496
-8, 94, -365
98, 222, -324
98, 222, -324
204, 333, -337
256, 498, -513
299, 677, -605
384, 818, -622
392, 871, -847
175, 788, -967
175, 788, -967
-160, 366, -1109
-149, -1082, -1292
317, -1998, -974
404, -1998, -675
391, -1998, 167
304, -1998, 702
370, -1998, 1390
565, -1998, 1351
-,-,-
-22, -275, -521
-61, -73, -541
-52, 103, -390
18, 273, -303
119, 393, -414
272, 510, -484
423, 518, -592
423, 518, -592
513, 526, -817
508, 381, -844
375, 131, -606
101, -486, -394
-213, -1643, -513
-382, -1998, -774
-186, -1998, -550
19, -1998, -221
135, -1998, 305
344, -1998, 464
677, -1993, 612
677, -1993, 612
983, -1358, 598
-,-,-
-1, 564, -390
118, 784, -390
206, 900, -471
301, 950, -528
361, 905, -613
361, 905, -613
393, 778, -566
333, 573, -657
253, 153, -606
72, -580, -811
74, -1656, -917
243, -1998, -962
261, -1998, -1171
279, -1998, -1380
358, -1998, -1191
492, -1998, -355
613, -1998, -18
872, -1990, 483
-,-,-
-166, -1993, -666
-170, -1650, -675
-155, -1089, -468
-164, -617, -571
-183, -125, -494
-149, 256, -277
-20, 574, -172
174, 760, -393
174, 760, -393
376, 961, -767
517, 1095, -961
621, 864, -797
629, 511, -712
497, 89, -792
189, -487, -1153
-20, -1630, -1529
-28, -1998, -1283
10, -1998, -911
-3, -1998, -372
-3, -1998, -372
72, -1998, -53
294, -1998, 225
569, -1998, 437
763, -1735, 599
-,-,-
-13, 516, -590
86, 728, -600
206, 1018, -735
424, 1057, -781
529, 795, -811
513, 503, -617
432, 117, -479
406, -566, -373
406, -566, -373
362, -1495, -502
221, -1998, -651
15, -1998, -919
-135, -1998, -861
-203, -1998, -473
-205, -1998, -15
-163, -1998, 272
58, -1998, 285
303, -1829, 491
561, -1085, 584
-,-,-
-35, -586, -592
-95, -68, -666
-136, 474, -568
-23, 788, -519
-23, 788, -519
177, 811, -649
316, 921, -833
378, 883, -818
399, 659, -750
417, 304, -727
439, -145, -713
425, -838, -704
425, -838, -704
376, -1673, -998
204, -1998, -990
-72, -1998, -935
-239, -1998, -1392
9, -1998, 173
78, -1998, 38
253, -1998, 217
495, -1796, 265
829, -904, 528
-,-,-
-171, 571, -697
-171, 571, -697
-118, 1017, -1065
-23, 1197, -1167
164, 1109, -1137
359, 651, -975
454, 150, -796
423, -322, -538
371, -865, -481
447, -1351, -470
489, -1931, -434
421, -1998, -381
293, -1998, -418
14, -1998, -583
-148, -1998, -278
-105, -1998, -130
52, -1998, -266
368, -1998, -302
766, -1769, -113
-,-,-
-58, -56, -637
-29, 82, -639
22, 148, -496
46, 93, -364
34, 52, -393
34, 52, -393
53, -13, -315
106, -104, -279
177, -286, -223
210, -397, -362
219, -425, -573
206, -564, -702
206, -564, -702
146, -861, -765
89, -1408, -858
73, -1850, -899
11, -1998, -812
-24, -1998, -647
66, -1998, -293
205, -1998, 444
396, -1998, 601
696, -1998, 838
-,-,-
61, -1256, -501
91, -716, -584
41, -255, -389
21, -2, -461
21, -2, -461
6, 240, -519
3, 306, -390
17, 173, -243
0, -17, -39
0, -17, -39
-44, -229, 47
-53, -388, 99
-48, -475, 17
-48, -475, 17
-11, -423, -264
34, -362, -637
85, -272, -1037
183, -306, -1203
288, -513, -1249
376, -933, -1066
324, -1546, -452
125, -1998, 173
-101, -1998, 464
-102, -1998, 792
51, -1998, 998
51, -1998, 998
232, -1998, 985
386, -1998, 1006
-,-,-
-37, -1448, -696
18, -1153, -812
-28, -785, -739
-59, -544, -710
-82, -384, -602
-51, -348, -385
-18, -268, -305
35, -97, -276
35, -97, -276
79, 35, -231
127, 157, -248
172, 277, -320
191, 399, -510
199, 586, -825
199, 586, -825
165, 734, -995
117, 415, -1207
183, -460, -1381
334, -1776, -1445
505, -1998, -1284
591, -1998, -826
557, -1998, 112
517, -1998, 874
565, -1998, 1397
657, -1976, 1281
806, -1329, 1286
-,-,-
-51, -587, -649
-53, -637, -521
-71, -628, -560
-80, -549, -478
-100, -463, -344
-101, -476, -332
-72, -466, -266
-65, -401, -253
-88, -303, -208
-85, -260, -187
-50, -169, -258
51, 18, -338
51, 18, -338
180, 198, -650
303, 293, -1047
436, 207, -1293
355, -288, -1388
127, -1243, -1306
-46, -1995, -933
-137, -1998, -429
-70, -1998, 21
97, -1998, 459
97, -1998, 459
380, -1998, 663
619, -1998, 598
-,-,-
109, -1371, -831
86, -1042, -731
86, -1042, -731
83, -613, -713
77, -273, -663
58, -213, -674
45, -147, -718
48, -123, -542
48, -302, -326
22, -403, -313
22, -403, -313
10, -400, -278
4, -429, -259
38, -389, -211
68, -234, -222
111, -37, -340
149, 274, -684
149, 274, -684
164, 480, -990
102, 617, -1096
10, 360, -1197
91, -539, -985
194, -1782, -883
173, -1998, -593
223, -1998, -622
377, -1998, -652
537, -1998, -282
839, -1998, -149
998, -1995, 249
-,-,-
-131, -972, -957
-176, -481, -971
-165, -325, -1045
-146, -202, -946
-130, -212, -926
-103, -277, -838
-86, -432, -680
-75, -542, -563
-82, -598, -429
-78, -567, -374
-46, -476, -307
-46, -476, -307
-3, -276, -224
38, 32, -282
86, 480, -549
156, 909, -715
266, 799, -703
334, 350, -613
334, 350, -613
329, -393, -591
349, -1421, -666
300, -1998, -494
380, -1998, -948
589, -1998, -1272
692, -1998, -923
668, -1998, -300
-,-,-
98, -1998, -797
108, -1982, -1009
152, -1744, -1228
139, -1391, -1295
41, -991, -1161
-71, -683, -1029
-134, -493, -804
-153, -455, -639
-149, -451, -484
-122, -416, -340
-74, -260, -348
8, -57, -350
8, -57, -350
126, 98, -338
297, 332, -430
418, 592, -657
454, 701, -938
454, 701, -938
461, 600, -905
441, 142, -692
442, -640, -548
407, -1640, -375
269, -1998, 59
226, -1998, 56
151, -1998, -197
91, -1998, -365
29, -1998, -430
29, -1998, -430
189, -1998, -360
394, -1998, 134
504, -1618, 459
-,-,-
-93, -1462, -677
-93, -1462, -677
-107, -962, -877
-91, -610, -978
-83, -426, -838
-86, -518, -595
-87, -558, -429
-101, -528, -343
-66, -523, -284
10, -491, -257
89, -383, -276
148, -177, -300
224, 75, -379
224, 75, -379
306, 235, -599
330, 340, -833
317, 355, -947
261, 127, -800
312, -888, -346
360, -1900, -355
268, -1998, -397
157, -1998, -416
157, -1998, -416
163, -1998, -197
220, -1998, -20
288, -1998, 160
386, -1998, 275
541, -1752, 356
724, -1078, 311
-,-,-
-115, -1250, -959
-129, -946, -920
-118, -597, -748
-37, -174, -677
71, 246, -701
119, 518, -820
159, 521, -821
183, 218, -661
183, 218, -661
217, -113, -455
314, -263, -417
403, -299, -648
427, -612, -729
415, -1196, -706
421, -1590, -998
305, -1865, -1003
83, -1998, -780
-11, -1998, -584
59, -1998, -290
202, -1998, 257
267, -1998, 662
404, -1998, 779
571, -1819, 933
-,-,-
-207, -1105, -855
-246, -765, -726
-265, -532, -672
-184, -468, -483
-59, -546, -502
37, -669, -555
106, -736, -479
130, -643, -408
142, -495, -343
177, -346, -245
250, -147, -209
312, 119, -417
312, 119, -417
363, 382, -782
368, 452, -936
336, 244, -1229
252, -458, -1063
-30, -1674, -725
-137, -1998, -748
42, -1998, -900
209, -1998, -214
284, -1998, 619
419, -1998, 997
588, -1928, 914
853, -1401, 513
-,-,-
-38, -1533, -1174
-41, -1166, -937
-89, -889, -855
-106, -603, -855
-122, -367, -797
-82, -251, -664
-32, -174, -527
15, -74, -345
38, 170, -328
38, 170, -328
90, 403, -176
179, 512, -359
270, 520, -654
319, 518, -820
314, 337, -1062
314, 337, -1062
292, -319, -1036
269, -1554, -1021
144, -1998, -968
-77, -1998, -577
-82, -1998, -85
196, -1998, 446
570, -1998, 746
822, -1989, 808
-,-,-
-156, -1293, -630
-64, -940, -702
-98, -635, -819
-70, -510, -714
-40, -442, -604
-22, -303, -510
-8, -187, -412
37, -84, -355
37, -84, -355
94, -12, -264
173, 71, -167
255, 239, -203
332, 361, -268
355, 471, -445
355, 471, -445
313, 515, -676
224, 277, -743
90, -386, -837
-35, -1565, -1070
-96, -1998, -1325
-6, -1998, -863
-64, -1998, -472
-17, -1998, -153
241, -1998, 168
608, -1998, 360
963, -1693, 608
-,-,-
-19, -536, -549
23, -415, -413
53, -313, -480
80, -170, -489
106, -136, -443
137, -228, -361
158, -243, -247
136, -157, -261
136, -157, -261
125, -110, -252
177, 17, -339
258, 116, -511
203, 160, -791
-89, 124, -927
-427, -300, -1314
-477, -1402, -1805
-22, -1998, -1608
451, -1998, -1135
730, -1998, -337
845, -1998, 550
901, -1998, 1393
766, -1937, 1526
-,-,-
-164, -1378, -585
-120, -1030, -614
-104, -626, -646
-19, -303, -421
56, -206, -609
112, -183, -718
107, -147, -779
82, -248, -689
48, -403, -502
7, -465, -322
7, -465, -322
-27, -315, -114
-15, 26, -142
85, 483, -442
161, 713, -786
302, 643, -885
302, 643, -885
365, 91, -770
320, -1128, -598
205, -1996, -565
28, -1998, -487
151, -1998, -520
380, -1998, -105
538, -1998, 187
609, -1978, 389
707, -1169, 484
831, -332, 481
831, -332, 481
-,-,-
-272, -979, -632
-249, -656, -519
-259, -477, -453
-213, -288, -332
-136, -194, -247
-7, -69, -266
107, 85, -391
107, 85, -391
192, 190, -574
242, 313, -694
261, 336, -729
239, 321, -925
153, 133, -1166
90, -436, -1341
82, -1594, -1374
70, -1998, -1171
190, -1998, -612
190, -1998, -612
309, -1998, 68
387, -1998, 1031
490, -1998, 1415
723, -1750, 1009
-,-,-
-177, -575, -457
-153, -244, -393
-123, -179, -245
-78, -47, -441
0, 134, -444
117, 234, -430
226, 210, -466
226, 210, -466
331, 276, -524
411, 399, -706
389, 412, -966
234, 313, -1231
90, -61, -1527
52, -984, -1773
106, -1959, -1516
179, -1998, -744
263, -1998, 322
263, -1998, 322
332, -1998, 1007
436, -1998, 1387
-,-,-
-266, -193, -75
-177, -200, -146
-110, -321, -185
-39, -402, 20
30, -385, -51
30, -385, -51
201, -251, -294
392, -129, -564
539, -70, -776
520, -140, -929
161, -564, -1072
-223, -1583, -1250
-394, -1998, -1244
-307, -1998, -670
-73, -1998, -165
118, -1998, 490
329, -1998, 1111
-,-,-
-306, -716, -245
-306, -716, -245
-280, -634, -261
-254, -479, -224
-201, -288, -189
-133, -223, -313
-21, -86, -564
99, 12, -694
125, -214, -620
-1, -485, -487
-135, -883, -464
-231, -1458, -688
-273, -1977, -860
-155, -1998, -501
-150, -1998, 12
-169, -1998, 437
-37, -1998, 396
188, -1998, 474
188, -1998, 474
-,-,-
-28, -518, -413
31, -492, -394
45, -454, -425
17, -482, -385
17, -482, -385
-10, -614, -243
-48, -626, -191
-93, -569, -109
-109, -520, -102
-48, -344, -320
78, -215, -588
126, -213, -921
84, -242, -857
-149, -470, -787
-258, -1095, -784
-194, -1890, -94
-123, -1998, 723
-40, -1998, 1166
-40, -1998, 1166
60, -1998, 1228
203, -1998, 1104
352, -1998, 972
-,-,-
-116, -876, -605
-116, -491, -635
-135, -181, -688
-120, -60, -639
-80, -88, -526
-36, -101, -490
-3, -59, -489
28, -50, -488
28, -50, -488
69, -5, -414
78, 84, -492
46, 223, -753
-10, 277, -1085
-10, 277, -1085
-9, 95, -1305
63, -528, -1612
184, -1482, -1450
224, -1997, -808
125, -1998, 206
-67, -1998, 838
-85, -1998, 1069
27, -1998, 1056
245, -1998, 1098
376, -1622, 888
492, -911, 794
-,-,-
-62, -1263, -884
18, -818, -827
14, -497, -811
25, -217, -775
25, -217, -775
57, -40, -735
123, 105, -626
181, 199, -541
245, 280, -398
282, 275, -356
299, 251, -397
299, 251, -397
298, 221, -407
196, 190, -592
104, -70, -599
25, -551, -650
-13, -1254, -795
41, -1962, -635
-51, -1998, -65
-243, -1998, 397
-214, -1998, 680
14, -1998, 985
14, -1998, 985
296, -1998, 1058
528, -1989, 930
679, -1522, 630
-,-,-
-63, -984, -611
-82, -552, -669
-82, -552, -669
-88, -180, -622
-86, 49, -533
-55, 171, -448
7, 315, -372
97, 478, -333
185, 564, -315
185, 564, -315
257, 538, -361
300, 439, -353
297, 276, -361
196, 59, -517
12, -353, -785
-43, -1099, -1150
-50, -1941, -1241
-46, -1998, -743
-39, -1998, -366
65, -1998, 173
65, -1998, 173
161, -1998, 682
250, -1998, 759
328, -1942, 778
378, -1450, 772
-,-,-
-77, -1327, -742
-38, -967, -663
-32, -614, -652
-50, -313, -603
-76, -116, -483
-78, 31, -390
-68, 69, -363
-40, 115, -331
-40, 115, -331
-6, 216, -255
13, 240, -196
44, 261, -168
78, 220, -184
97, 147, -295
97, 147, -295
72, 151, -494
-9, 33, -741
-124, -277, -1180
-129, -1153, -1630
-49, -1931, -1966
55, -1998, -1459
46, -1998, -488
18, -1998, 437
52, -1998, 947
52, -1998, 947
121, -1998, 1055
264, -1824, 1034
-,-,-
-254, -1712, -576
-184, -1118, -617
-148, -642, -600
-142, -347, -600
-119, -152, -493
-70, -51, -443
21, 18, -362
124, 70, -353
238, 111, -306
238, 111, -306
330, 178, -324
370, 232, -366
383, 254, -473
332, 255, -629
185, 76, -1004
27, -530, -1198
-140, -1689, -1262
-239, -1998, -981
-304, -1998, -391
-340, -1998, 330
-290, -1998, 771
-69, -1998, 851
-69, -1998, 851
209, -1826, 922
-,-,-
-14, -173, -375
-20, -30, -426
7, -15, -348
7, -15, -348
66, -65, -244
97, -70, -202
115, -96, -125
115, -96, -125
131, -14, -64
148, 50, -77
175, 87, -216
129, 111, -657
27, 102, -1043
27, 102, -1043
-84, -225, -1341
-129, -1179, -1382
-163, -1995, -1024
-146, -1998, -269
-142, -1998, 396
-82, -1998, 880
65, -1998, 902
222, -1997, 829
330, -1530, 728
445, -850, 594
-,-,-
-80, -295, -521
-88, -158, -447
-73, -107, -375
-73, -107, -375
-40, -89, -349
-6, -54, -313
40, -59, -220
108, -49, -117
160, 15, -124
226, 116, -247
226, 116, -247
282, 252, -380
289, 326, -544
140, 304, -859
-186, -63, -1210
-312, -1133, -1032
-199, -1998, -790
16, -1998, -613
178, -1998, -202
277, -1998, 155
369, -1998, 462
468, -1996, 644
-,-,-
-31, -265, -406
-34, -104, -393
-51, -61, -418
-20, -55, -304
-20, -55, -304
8, -93, -253
48, -77, -238
102, -5, -240
175, 4, -283
175, 4, -283
251, 80, -394
247, 125, -781
136, 136, -1316
-2, -126, -1497
-141, -1055, -1291
-184, -1969, -1019
-158, -1998, -297
-266, -1998, 319
-193, -1998, 807
-28, -1998, 1098
228, -1998, 1060
468, -1749, 956
700, -923, 713
-,-,-
-44, -86, -562
-45, 90, -530
7, 138, -363
88, 162, -289
88, 162, -289
187, 296, -272
286, 346, -387
359, 304, -535
393, 195, -602
341, 32, -680
341, 32, -680
180, -280, -732
14, -1011, -879
52, -1913, -1098
135, -1998, -1124
143, -1998, -550
98, -1998, 15
124, -1998, 427
243, -1998, 1074
285, -1863, 969
409, -1214, 771
-,-,-
-107, -1134, -682
-122, -659, -592
-171, -352, -512
-192, -158, -446
-198, -55, -382
-164, -42, -339
-102, -2, -313
-41, 36, -315
-41, 36, -315
21, 89, -294
81, 92, -260
134, 98, -325
134, 98, -325
195, 145, -364
265, 105, -453
247, 12, -674
136, -493, -869
50, -1408, -953
129, -1994, -755
177, -1998, -600
224, -1998, -294
139, -1998, -3
139, -1998, -3
54, -1998, 340
66, -1998, 392
135, -1998, 370
273, -1708, 357
383, -1176, 298
-,-,-
-15, -513, -466
-32, -513, -553
-32, -255, -553
-43, -36, -474
-33, 56, -328
3, 42, -296
68, 93, -293
68, 93, -293
165, 130, -279
242, 149, -433
300, 93, -569
307, 11, -693
266, -82, -789
266, -82, -789
142, -411, -895
3, -1067, -1178
-8, -1895, -1291
-18, -1998, -877
-133, -1998, -452
-124, -1998, -69
78, -1998, 181
345, -1998, 913
406, -1934, 1043
508, -1209, 1244
613, -354, 1116
-,-,-
-192, -1907, -578
-130, -1472, -651
-99, -1031, -619
-107, -659, -590
-108, -320, -581
-108, -44, -594
-44, 191, -483
63, 331, -426
151, 354, -452
229, 373, -479
288, 430, -461
288, 430, -461
296, 391, -462
274, 214, -517
214, -81, -716
122, -624, -897
42, -1436, -1036
47, -1998, -847
-4, -1998, -353
-95, -1998, 168
-95, -1998, 168
-100, -1998, 449
70, -1998, 327
306, -1998, 441
-,-,-
-47, -1786, -840
-57, -1159, -699
-71, -627, -682
-76, -248, -561
-84, -112, -408
-47, 39, -310
10, 145, -349
102, 173, -444
193, 208, -429
193, 208, -429
249, 187, -391
272, 114, -390
260, 93, -420
208, 62, -589
139, -134, -780
75, -679, -1017
75, -679, -1017
-3, -1599, -1165
-91, -1998, -813
-118, -1998, -462
-41, -1998, 44
117, -1998, 570
327, -1998, 792
510, -1982, 747
679, -1496, 696
-,-,-
80, 525, -410
217, 596, -341
348, 536, -389
405, 482, -689
307, 452, -892
307, 452, -892
36, 205, -1084
-163, -733, -1412
-50, -1823, -1410
128, -1998, -809
160, -1998, -57
172, -1998, 323
282, -1998, 770
368, -1998, 1059
556, -1908, 888
656, -1182, 836
-,-,-
14, -404, -576
-1, -139, -586
-19, 40, -510
20, 91, -397
78, 100, -374
78, 100, -374
139, 108, -388
193, 150, -334
241, 134, -303
268, 139, -338
252, 107, -373
198, 28, -489
198, 28, -489
88, -81, -757
-24, -486, -956
-101, -1380, -1137
-140, -1998, -1097
-50, -1998, -820
43, -1998, -237
157, -1998, 477
290, -1998, 747
441, -1998, 777
-,-,-
27, 230, -104
27, 230, -104
17, 276, -287
-16, 367, -573
-135, 223, -920
-134, -367, -1301
-42, -1291, -1591
175, -1977, -1436
350, -1998, -1003
501, -1998, -481
612, -1998, 200
566, -1998, 688
480, -1998, 884
453, -1945, 734
453, -1945, 734
501, -1461, 672
511, -878, 579
-,-,-
3, -579, -411
35, -297, -416
6, -85, -379
6, -85, -379
29, 146, -335
97, 322, -265
184, 461, -285
261, 611, -380
316, 713, -471
316, 713, -471
315, 676, -569
264, 487, -539
175, 107, -705
173, -519, -985
274, -1560, -1080
296, -1998, -830
162, -1998, -669
93, -1998, -322
126, -1998, 148
208, -1998, 435
302, -1998, 570
302, -1998, 570
421, -1924, 584
508, -1407, 706
-,-,-
13, 32, -513
24, 251, -589
62, 432, -533
126, 503, -508
221, 501, -468
221, 501, -468
285, 498, -417
334, 400, -406
354, 289, -452
319, 118, -562
213, -144, -669
153, -901, -742
169, -1864, -787
169, -1864, -787
113, -1998, -589
50, -1998, -574
30, -1998, -244
47, -1998, 25
155, -1998, 103
286, -1986, 145
392, -1557, 232
461, -952, 392
-,-,-
-2, -269, -459
-9, 48, -392
-9, 48, -392
50, 381, -325
157, 613, -337
257, 661, -533
374, 688, -566
433, 650, -442
433, 650, -418
428, 423, -418
367, 136, -320
225, -260, -283
169, -889, -457
231, -1765, -677
118, -1998, -621
-51, -1998, -608
-76, -1998, -452
-68, -1998, -407
-14, -1998, -131
120, -1998, -36
345, -1946, 184
541, -1459, 413
541, -1459, 413
-,-,-
-23, 45, -435
51, 133, -751
51, 133, -751
168, -184, -807
245, -623, -675
316, -1272, -573
345, -1970, -523
291, -1998, -715
266, -1998, -696
221, -1998, -649
154, -1998, -599
182, -1998, -282
231, -1998, -132
277, -1998, 123
441, -1985, 336
-,-,-
-327, -371, -350
-253, -166, -400
-182, 27, -358
-86, 241, -344
44, 417, -308
44, 417, -308
203, 382, -457
319, 301, -495
378, 49, -513
336, -399, -462
217, -902, -573
118, -1583, -640
-35, -1998, -809
-151, -1998, -996
-107, -1998, -992
-58, -1998, -560
7, -1998, -203
7, -1998, -203
127, -1998, -22
312, -1985, 150
-,-,-
-181, -1099, -803
-187, -629, -651
-160, -216, -581
-66, 146, -566
70, 511, -611
213, 748, -642
213, 748, -642
354, 866, -617
407, 809, -575
451, 558, -467
435, 167, -396
368, -447, -291
290, -1242, -423
225, -1948, -596
98, -1998, -882
98, -1998, -882
-5, -1998, -904
-112, -1998, -804
-253, -1998, -515
-373, -1998, -394
-175, -1998, -267
-,-,-
-164, -665, -52
-155, -574, -67
-137, -518, -274
-114, -331, -379
-76, -59, -425
-76, -59, -425
-17, 260, -641
76, 690, -675
182, 941, -526
250, 698, -559
351, 211, -547
351, 211, -547
309, -520, -669
237, -1485, -793
191, -1998, -732
15, -1998, -516
-251, -1998, -406
-271, -1998, -379
64, -1998, -465
-,-,-
-110, -1173, -570
-38, -1019, -413
-4, -931, -357
-15, -740, -515
-36, -487, -510
2, -334, -371
47, -182, -445
47, -182, -445
124, 42, -532
198, 313, -598
260, 499, -461
333, 577, -380
454, 556, -388
628, 207, -329
628, 207, -329
686, -361, -464
551, -1398, -605
269, -1998, -1051
-21, -1998, -1441
-185, -1998, -1084
-183, -1998, -387
-5, -1998, 35
-,-,-
-11, -1433, -609
18, -1222, -644
56, -1017, -605
158, -877, -506
275, -573, -509
353, -84, -602
387, 583, -757
342, 1195, -845
342, 1195, -845
255, 1423, -732
272, 1216, -488
428, 674, -238
548, -252, -399
464, -1490, -963
281, -1998, -1521
-7, -1998, -1659
-192, -1998, -1613
-76, -1998, -1024
166, -1998, -319
-,-,-
123, -1998, -927
149, -1780, -931
149, -1780, -931
203, -1315, -809
218, -966, -687
258, -650, -638
299, -308, -590
301, -25, -570
303, 270, -688
315, 622, -814
275, 974, -859
282, 1126, -762
318, 1199, -656
318, 1199, -656
466, 999, -365
644, 320, -376
702, -742, -615
468, -1939, -856
86, -1998, -1120
-123, -1998, -1352
-83, -1998, -1036
141, -1998, -362
574, -1998, 283
